 77.5682 -185.282  36.9958 -21.8409 -121.659 -5.63924  103.106 -22.2572  52.5685
-185.282  443.377 -88.7897  54.3272  303.423  14.0001 -256.823  55.3168 -130.785
 36.9958 -88.7897  17.9144 -11.4795 -64.3259  -2.9481  54.3624 -11.6727  27.6281
-21.8409  54.3272 -11.4795  84.8754  494.821  20.5611 -410.106  83.8539 -202.006
-121.659  303.423 -64.3259  494.821  2889.43  120.666 -2392.84  490.498 -1182.56
-5.63924  14.0001  -2.9481  20.5611  120.666  5.15746 -99.6762  20.6753 -49.9721
 103.106 -256.823  54.3624 -410.106 -2392.84 -99.6762  1982.38 -405.845  978.079
-22.2572  55.3168 -11.6727  83.8539  490.498  20.6753 -405.845  83.5897 -201.703
 52.5685 -130.785  27.6281 -202.006 -1182.56 -49.9721  978.079 -201.703  486.908