3.407963255238112554e-02,9.127686857097471185e-01,2.413573869807932593e-01,9.455502759136010793e-01,9.311593592434077582e-01,1.331011888150671618e-01
8.463360772509475050e-01,1.787465118302657141e-02,4.569657473791239460e-02,8.903598452737133684e-01,8.283736844039504277e-01,2.214280998569743697e-01
7.527352228974303339e-01,1.474470171276034414e-01,1.136056584235235756e-01,5.801480476654933272e-01,6.900120377175170683e-01,5.085156379959727690e-01
6.326059357722731147e-02,9.229202807033592970e-01,3.979972979655885812e-01,9.497825162394597509e-01,9.313386693125000892e-01,1.284838546962111250e-01
1.117558665923202715e-01,2.670789652714501972e-01,8.366844154876943440e-01,9.656137317709493351e-01,9.611408156076178821e-01,1.932282558799409133e-01
1.183745861016340523e-01,3.928501395720416234e-01,8.720495906432468303e-01,9.546754515641826533e-01,9.813285124013962912e-01,1.698496450748189224e-01
6.979803612100821120e-01,2.330190813987508824e-01,1.663355320207289545e-01,3.980994883822577823e-01,5.925042382672501828e-01,6.608445601296170091e-01
8.452177309542486805e-01,2.252055208273935280e-02,5.181594214607740390e-02,8.833162879452102212e-01,8.281958508695301813e-01,2.285962061466976780e-01
1.461001219154908215e-01,9.315634664652784336e-01,4.933243264128854833e-01,9.394822866339768153e-01,9.581444313689921888e-01,9.566352558872991130e-02
7.994631938078271549e-01,2.206802926797918687e-02,4.506079631069455360e-02,8.572409345878854170e-01,8.062340379760284392e-01,2.290058380468536492e-01
9.995400601071722235e-01,0.000000000000000000e+00,1.867599142022268030e-03,9.389974237544500557e-01,9.281763167038613593e-01,1.218013468841163821e-01
5.179675711409967298e-02,9.256806698733962557e-01,3.012397679289025021e-01,9.572201154209145635e-01,9.367594473515596931e-01,1.377622497157962589e-01
9.324676388088195544e-01,0.000000000000000000e+00,4.132559803141836081e-03,9.389974237544500557e-01,9.279277887265635627e-01,1.218013468841163821e-01
3.494564206935006356e-01,6.848027755765596636e-01,4.367400461163180592e-01,2.530742742969809278e-01,5.068689156849722766e-01,6.765706512789361193e-01
1.377014991825046553e-01,9.405234181975297147e-01,4.995231661170022042e-01,9.535718664351328089e-01,9.553954842728266117e-01,1.223055931652355516e-01
8.949384594229333745e-01,3.016818780151869371e-05,7.788285778121740478e-03,9.389840870287925467e-01,9.274941058257870630e-01,1.218032387842906267e-01
6.128726377219759769e-01,1.155894109684877241e-01,3.468171341752039893e-01,6.856810261059987921e-01,2.112676677668812175e-01,5.955510302100326392e-01
7.102317654119135737e-01,1.638132589431802177e-01,1.834618135506849990e-01,5.658491849747820934e-01,5.443482095861019721e-01,6.529441529632310504e-01
9.326692562209979442e-01,0.000000000000000000e+00,4.847810538232226289e-03,9.389974237544500557e-01,9.278870667600775946e-01,1.218013468841163821e-01
8.606792614189451296e-01,1.508409367449793917e-05,7.470396570473242237e-03,9.389897358741985389e-01,9.264859768594153611e-01,1.218019796698396467e-01
9.409040647947756186e-01,0.000000000000000000e+00,2.582849877112657153e-03,9.389974237544500557e-01,9.278901365087461883e-01,1.218013468841163821e-01
8.481978874597159157e-01,5.161776908539373460e-02,2.932528013870598291e-02,6.436255780328113962e-01,7.895673387397463827e-01,2.206773189710716510e-01
8.994338962867755305e-02,6.515423486916874785e-01,7.326551696442558104e-01,9.688495996849982861e-01,9.674201507844076842e-01,1.560964089629551244e-01
2.506261163773142453e-01,8.044045555176716489e-01,6.490900420945286964e-01,7.122522240856788978e-01,7.729204733266861194e-01,2.912729605897682594e-01
7.984803092306094197e-01,4.873670714966991946e-02,7.327346419878909278e-02,7.692106086769617823e-01,7.034035327484414735e-01,3.603863920426960687e-01
9.454184035686270526e-01,0.000000000000000000e+00,1.947071445126476782e-03,9.389974237544500557e-01,9.280384287915661723e-01,1.218013468841163821e-01
9.130430673559460086e-02,9.516554794406297813e-01,3.806723356361490507e-01,9.508549113253557117e-01,9.401662352126760602e-01,1.092816813307730256e-01
8.407128436551965234e-02,7.392563541351920842e-01,6.150361598341000935e-01,9.538715313620403924e-01,9.734708546564618814e-01,9.037389536865055029e-02
4.067850538223813928e-01,6.367901049305061401e-01,4.219184613596949074e-01,2.348281691006013916e-01,5.387546259399849102e-01,7.340723063853857866e-01
9.660022748107475188e-01,0.000000000000000000e+00,1.509973774477073359e-03,9.389974237544500557e-01,9.281707035910469195e-01,1.218013468841163821e-01
8.062488777159274034e-02,7.484425672748235003e-01,6.094730986406472484e-01,9.496972375294323587e-01,9.413650213085263951e-01,1.138190390802942126e-01
3.419934285660281015e-02,9.264952109399645641e-01,2.566558054416015477e-01,9.518608319136671048e-01,9.316494058415807356e-01,1.328820383292034224e-01
9.130493679296104448e-01,0.000000000000000000e+00,5.006755145632728853e-03,9.389974237544500557e-01,9.275666508806312827e-01,1.218013468841163821e-01
1.249397510655791792e-02,8.701712044453082662e-01,2.190256695057209713e-01,9.509801453159484330e-01,9.311724940264857198e-01,1.454147663886601605e-01
3.581322672500968363e-01,5.909042915138251750e-01,6.342287212256921825e-01,5.000945306351565200e-01,4.655258254060107848e-01,6.830465188546747113e-01
1.515815935961289385e-01,4.881966965062518593e-01,9.254947150947511192e-01,9.608912466895123128e-01,9.449633113361063375e-01,1.664302550354503085e-01
4.255071148557332955e-02,2.565351836875383040e-01,5.487165222701774203e-01,9.635948363160520280e-01,9.311568266382409531e-01,4.098571539007422188e-02
9.396313549630946893e-01,0.000000000000000000e+00,3.695462131300346949e-03,9.389974237544500557e-01,9.278474149432355267e-01,1.218013468841163821e-01
2.736955515022067298e-02,7.260276040012109133e-01,4.440514980352836538e-01,9.495335108743385710e-01,9.300980513714527387e-01,1.214203775930591533e-01
8.706561699634253193e-01,0.000000000000000000e+00,4.808074385488035445e-03,9.389974237544500557e-01,9.272414296734913242e-01,1.218013468841163821e-01
6.687300942246079405e-01,7.315785506797765902e-02,2.253039815534727819e-01,7.363716496248531307e-01,3.943071913414002427e-01,3.733260207031533495e-01
8.626418803338027352e-01,0.000000000000000000e+00,4.967018994080624368e-03,9.389974237544500557e-01,9.274090434126670557e-01,1.218013468841163821e-01
5.457939155664344177e-01,4.421751263808997856e-01,2.902725899908498719e-01,1.131811501425689925e-01,4.499771404139936148e-01,8.314715889626504985e-01
9.648650263205149624e-01,0.000000000000000000e+00,1.192084558483982957e-03,9.389974237544500557e-01,9.280043346351498634e-01,1.218013468841163821e-01
5.495616398106056844e-01,1.404178294200796318e-01,4.704363028899929966e-01,6.660683220961851614e-01,4.985332263584454221e-02,6.081321245186134261e-01
5.928715665668030654e-01,1.741006109169772609e-01,4.638798378183310867e-01,6.678478668882111835e-01,2.712297495324974550e-01,7.379543950342419834e-01
8.139764927086975410e-01,7.596349651949067805e-02,5.932607486452649848e-02,6.991781862382763224e-01,7.672090342197441792e-01,3.356133023129040382e-01
1.824006955798546190e-03,7.377026926220231484e-01,1.754748470088423051e-01,9.500336841588615799e-01,9.294476859285276671e-01,1.322647429406924313e-01
8.359527837370406278e-01,1.659250322295686042e-04,1.549709926029177801e-02,9.388526365956897379e-01,9.229989443258161952e-01,1.218608933121609478e-01
8.086588350927597091e-01,1.404329134988208626e-02,3.047762854921411482e-02,9.153668058384122341e-01,8.913967848136167271e-01,1.438861401024330855e-01
8.964537398758163356e-01,0.000000000000000000e+00,9.298259556175067497e-03,9.389974237544500557e-01,9.274280876070806201e-01,1.218013468841163821e-01
7.733915500278799350e-03,7.271739949810956949e-01,2.816101088261300789e-01,9.474536469705816533e-01,9.319042992642307954e-01,1.184671020490788429e-01
9.629118588804567169e-01,0.000000000000000000e+00,1.192084558483982957e-03,9.389974237544500557e-01,9.280669545282892452e-01,1.218013468841163821e-01
7.352732702649062979e-01,3.114865374781637317e-02,1.164269252516718089e-01,8.511211048051736672e-01,6.501296760551896758e-01,2.912705327526923793e-01
4.787781988640121833e-02,7.001282150539449578e-01,5.476039100553284911e-01,9.510128924101245440e-01,9.400838287226591650e-01,1.443930724951142941e-01
2.585080946215421727e-01,6.124745458349006855e-01,8.304855757835775121e-01,8.064696443743740728e-01,7.229769272411238346e-01,2.258904854122394390e-01
2.726717134324408431e-01,7.227392713964461146e-01,7.313041405177100884e-01,7.631885764450546672e-01,7.577592553048233537e-01,3.292491051029108329e-01
2.995246240939032356e-01,3.913568142833331320e-01,8.190813001343445476e-01,7.371571191671175693e-01,5.111940202396604294e-01,4.848107746148054842e-01
8.192405956847587101e-01,1.538577570184565535e-02,5.582929348502625039e-02,8.946136935079616048e-01,7.920615380831235175e-01,2.371871763287896895e-01
7.809774031055372046e-01,5.185911457151506226e-02,1.296193276194222699e-01,7.891989917960717804e-01,5.983171917791063610e-01,4.106904552097068728e-01
6.217375005434217644e-02,9.068406368363889358e-01,3.503933878506559352e-01,9.607256551643242881e-01,9.356333130767462425e-01,1.309915393217280233e-01
6.210129381633289203e-01,3.076400935527023317e-01,2.299531113315603226e-01,1.498446150819857381e-01,3.931003380957879267e-01,8.254881124856886521e-01
9.320927566132066744e-01,0.000000000000000000e+00,3.615989827004053355e-03,9.389974237544500557e-01,9.279273815234815315e-01,1.218013468841163821e-01
6.743785303040326917e-02,7.742816199976290115e-01,5.534848605041132741e-01,9.539600686068904212e-01,9.458183981405370311e-01,1.098104609736573339e-01
4.044790553912163689e-01,4.990421601175114019e-01,5.440673924920899074e-01,2.940022346439907786e-01,2.846667304644889818e-01,8.662944718155455304e-01
1.717338776686733737e-01,4.079794857090247584e-01,9.179448461448801444e-01,1.000000000000000000e+00,9.650656717677924545e-01,1.848138296780018619e-01
1.134444119231459852e-01,8.998416171505907446e-01,3.929905428199558792e-01,8.392566913776425830e-01,8.891741278771344570e-01,2.067691019888708848e-01
8.794076230259614269e-01,9.050456295203326916e-05,5.046491297184833337e-03,9.389265535693598341e-01,9.258690658002116658e-01,1.218069063586935674e-01
9.858206301802270310e-01,0.000000000000000000e+00,1.152348406931878472e-03,9.389974237544500557e-01,9.281066311745471697e-01,1.218013468841163821e-01
8.303169488049447211e-02,9.313824573393743034e-01,4.132559803141835908e-01,9.567315156155231648e-01,9.517264551260032901e-01,1.313645923342487420e-01
9.676561671281814769e-01,0.000000000000000000e+00,1.311293014332380819e-03,9.389974237544500557e-01,9.280608787599323728e-01,1.218013468841163821e-01
9.338348564894009829e-02,9.313824573393743034e-01,4.432170388443448794e-01,9.544942218851648619e-01,9.447445737428328272e-01,1.217524351304459795e-01
8.297814026897014708e-03,7.552605778347176724e-01,2.594770722697498089e-01,9.482078127628159603e-01,9.315007493934671645e-01,1.350850043444467297e-01
7.163023378476717218e-01,1.967870880604550843e-01,1.467456091493782866e-01,4.042587448309474252e-01,5.760578086045340385e-01,6.081743241171786440e-01
4.599994329512054336e-01,6.486009503957463895e-01,5.349678137353982565e-01,5.273855631037912550e-01,6.061605891369862276e-01,6.370749815780990533e-01
9.026156703934373748e-02,9.097971190753144644e-01,4.338393069445347638e-01,9.517506897198707572e-01,9.440739184958306662e-01,1.284280662404316542e-01
5.514297504985303799e-01,4.605173846384368885e-01,3.083525391675930871e-01,1.466656699553137710e-01,4.563088144068742635e-01,8.293010177350560452e-01
7.769230042245135470e-01,9.251074741571924109e-02,8.066438846138979102e-02,6.736065790182044211e-01,7.273627679425563874e-01,4.263602828491464547e-01
1.455803271871544680e-01,3.635266611755829103e-01,8.482873718172021515e-01,8.938234008405209208e-01,8.487070655901064464e-01,1.648414624653330995e-01
7.798968601563165404e-01,8.718606232554279925e-03,4.871652229401904344e-02,8.996872755553658729e-01,7.621287532942203624e-01,1.695711289601571636e-01
3.080492576386197889e-01,8.192171355033135427e-01,5.016291822100600317e-01,5.303752135877107809e-01,7.285147803418561274e-01,4.276150648424581480e-01
8.369293677405942322e-01,1.885511728318200759e-03,1.295398553949956427e-02,9.378496954816697428e-01,9.230013709915564357e-01,1.230116141516591211e-01
8.991566724631655516e-01,4.525228147601663458e-05,7.390924262600694766e-03,9.389672489796857535e-01,9.276676074569720765e-01,1.218037488870699486e-01
8.792186067611117428e-01,0.000000000000000000e+00,8.344591909387879397e-03,9.389974237544500557e-01,9.266321445687890623e-01,1.218013468841163821e-01
8.933097693056487598e-01,0.000000000000000000e+00,4.575770727784480088e-03,9.389974237544500557e-01,9.272986809411194464e-01,1.218013468841163821e-01
4.067630019563183569e-02,9.466324761967920276e-01,2.585234046229626381e-01,9.497940652157645935e-01,9.350412116102749804e-01,1.297176125198213903e-01
1.504537965806957700e-01,8.480126709175672683e-01,6.416991178319280120e-01,9.488082621248906667e-01,9.363471020594915650e-01,1.112139861663967444e-01
8.557396367107389379e-02,4.674560676472518383e-01,8.379162361583916141e-01,9.553367883358337975e-01,9.428641817784407797e-01,1.428453141269369064e-01
8.792784618801448016e-01,0.000000000000000000e+00,6.596201223214010097e-03,9.389974237544500557e-01,9.274616636554938731e-01,1.218013468841163821e-01
9.223332167733033771e-01,0.000000000000000000e+00,2.503377572816363993e-03,9.389974237544500557e-01,9.278511716402513265e-01,1.218013468841163821e-01
3.337397182712572435e-02,9.245946151179719186e-01,2.609075737399305650e-01,9.523008458287494093e-01,9.367605158473107929e-01,1.339631914798790346e-01
1.497638872139947161e-02,8.435025267129500071e-01,2.459667805274590169e-01,9.485389402575307161e-01,9.302142193015391358e-01,1.326067765391860664e-01
9.127280405628905580e-02,8.191115469973770935e-01,5.993801160057466992e-01,9.458202872602029521e-01,9.336935033893225544e-01,8.789881859464317160e-02
3.630372393229436973e-02,3.937702693255554776e-01,6.325598028438146336e-01,9.526411140178704384e-01,9.418839511885369609e-01,1.673101823210914607e-01
3.189680971732617443e-01,6.145712347257819008e-01,7.531590240501804256e-01,6.069703125426525459e-01,4.960444107889385723e-01,5.841086565697966027e-01
7.446925808280802084e-01,1.721849310162432978e-01,1.692760073047255842e-01,5.738952213488872633e-01,6.098738246844181976e-01,5.974273755146743969e-01
9.107717219381727958e-01,0.000000000000000000e+00,4.847810538232226289e-03,9.389974237544500557e-01,9.279087826040840481e-01,1.218013468841163821e-01
3.866957752029562267e-02,8.525982352896294136e-01,3.285385043181857090e-01,9.609980764303266421e-01,9.363867249041575302e-01,1.531663333820132422e-01
6.680811383504550172e-01,3.432536390743274324e-01,2.373042994819477003e-01,2.513809447437836964e-01,4.923904415414430136e-01,8.450134165764773275e-01
8.447924443583370024e-01,6.033637515051457545e-05,9.457204159999314450e-03,9.389760968877700620e-01,9.267206334466216999e-01,1.218027480525064321e-01
2.815901307992552671e-01,8.653744626088505365e-01,4.894699197135234381e-01,6.145483236025867102e-01,7.668099983534397701e-01,3.578637078152032136e-01
8.943021046961091569e-01,0.000000000000000000e+00,4.490185170687030318e-03,9.389974237544500557e-01,9.276206152247384873e-01,1.218013468841163821e-01
9.317556775760553744e-01,0.000000000000000000e+00,4.092823650397646972e-03,9.389974237544500557e-01,9.279636664657916478e-01,1.218013468841163821e-01
6.514540076173553906e-01,2.039067803309309590e-01,2.298736389879252606e-01,3.638506083021171289e-01,3.207858948208938132e-01,7.872197404501888318e-01
2.135915295196151309e-01,8.677728335270793458e-01,4.395215767130445372e-01,5.932544866421677332e-01,7.830073711043857854e-01,3.273993271393396132e-01
9.658006568315203877e-01,0.000000000000000000e+00,2.026543749422771244e-03,9.389974237544500557e-01,9.282669657445574707e-01,1.218013468841163821e-01
6.163820396745139929e-02,5.546572140515358962e-01,5.991814352062632132e-01,9.396278825447409444e-01,9.367746280831966699e-01,1.454291622628843539e-01
5.567757605541956423e-01,2.749981145297530905e-01,3.686720178268826364e-01,3.630411368493763891e-01,2.044618453011469994e-01,9.161802570253121392e-01
9.106772138057480648e-01,0.000000000000000000e+00,4.529921322239134802e-03,9.389974237544500557e-01,9.278124724469450912e-01,1.218013468841163821e-01
2.154375884359848725e-01,7.938909422722514320e-01,4.536676468467905621e-01,4.866795052918402309e-01,7.051258794077980285e-01,4.212016749519484349e-01
8.696638345729650055e-02,3.238404103211162677e-01,7.937693713822709940e-01,9.598564119979574594e-01,9.440751963833674543e-01,1.785012787422400882e-01
8.154476692404381832e-02,6.491590617164431087e-01,6.591432884980074070e-01,9.616542071259617241e-01,9.637783761026295082e-01,1.036574947290816451e-01
1.765852951961516260e-01,9.603137491455334684e-01,4.836684414891652128e-01,8.930792308853791051e-01,9.210029075082912797e-01,1.210041595546117038e-01
5.685073700276908060e-01,2.359152274132159943e-01,3.505920686501394212e-01,3.546011627373011899e-01,3.499091308599654448e-01,6.395245112491990680e-01
5.288675090491536807e-02,8.650426126955339523e-01,4.444488595150421495e-01,9.594465199204746941e-01,9.478731872594892138e-01,1.419733676833277725e-01
4.221300242885899778e-01,6.505317145562307113e-01,4.115075895886708968e-01,2.307354524676817620e-01,5.132063137493763083e-01,7.099053478359855784e-01
1.020246791921444879e-01,6.359755638639378317e-01,7.614638798473549741e-01,9.630496140854679643e-01,9.444462188402116265e-01,8.370058234240486394e-02
3.712531463647446572e-01,7.335998189506900413e-01,4.503298100830354644e-01,2.992563363712262836e-01,5.698267733585538064e-01,6.442681892432455815e-01
2.610503633837691351e-01,3.439324232964676709e-01,8.087101644755340102e-01,7.257337646679665744e-01,3.949776909846717809e-01,3.170079039964677214e-01
3.680997249813345862e-01,6.345878270811656785e-01,5.587697686736561309e-01,3.775367394146763589e-01,4.457227816246497332e-01,6.800550824210850331e-01
3.843960772509473767e-01,6.761445058716560874e-01,4.359453230375925359e-01,2.889405464887710995e-01,5.561009330741866208e-01,6.600768912306982372e-01
8.122532943644801273e-01,1.816124896419960000e-02,5.412063895517282841e-02,8.865043408229354993e-01,8.201496084596752167e-01,2.218162557760973153e-01
2.729079837635028372e-01,8.208914699179261643e-01,4.930064372767620218e-01,5.186338239952235085e-01,7.058793963415329609e-01,4.160148659226043377e-01
5.697391260832994631e-01,1.856399426933614816e-01,4.344353492237767456e-01,5.599906031434502829e-01,1.348445850320548478e-01,8.033543397574501865e-01
8.417209297710068205e-02,6.016139982806567588e-01,7.470793928019120456e-01,9.530013575573300644e-01,9.388473738582557848e-01,1.392446729566608754e-01
9.829538828666207761e-01,0.000000000000000000e+00,5.165699749456979925e-04,9.389974237544500557e-01,9.281376481335492645e-01,1.218013468841163821e-01
7.395261362240220793e-01,2.369711140111578629e-02,9.135341332784895074e-02,8.595001577370401380e-01,6.709930825026090284e-01,2.648174582440818159e-01
6.483068868076098390e-01,2.277547326687917317e-01,2.866566002031846194e-01,3.996150275959103881e-01,3.035155269155584978e-01,8.882304152996953750e-01
4.533114074151080031e-01,6.591749003181498479e-01,4.255344512665686363e-01,2.637236997754318635e-01,5.195020123181607330e-01,7.363104760101414348e-01
9.868224163839298679e-01,0.000000000000000000e+00,1.033139951083479743e-03,9.389974237544500557e-01,9.281871257945912834e-01,1.218013468841163821e-01
3.206282900643599998e-01,7.250169698657541462e-01,4.601446395748174378e-01,3.372734919473401871e-01,5.740247651465321121e-01,6.155632726882414030e-01
6.479792585837010899e-01,2.832491138371293626e-01,3.257569737214592864e-01,3.611484016482151005e-01,3.118912761020955493e-01,9.424788706836653152e-01
8.645446440351192141e-01,3.006259899239197356e-02,4.561710244196069686e-02,8.806748343148620428e-01,8.635019944463558916e-01,2.402941800486092239e-01
4.888905690334653387e-01,5.764537297799915416e-01,4.945561472027912298e-01,3.294028732408598725e-01,4.604650488788741836e-01,8.323576246444672755e-01
1.361137625577681087e-01,2.531563466555782904e-01,8.271080027884005759e-01,9.645346791058109215e-01,9.260493193895534825e-01,1.319977105934265205e-01
9.169116002116982633e-01,0.000000000000000000e+00,4.013351347293437135e-03,9.389974237544500557e-01,9.275158605689262092e-01,1.218013468841163821e-01
1.172121360728090728e-01,9.287276566752737939e-01,4.640785186178145727e-01,9.555843807557795611e-01,9.544736492644180226e-01,1.244611777346184001e-01
9.797532080785552600e-01,0.000000000000000000e+00,1.788126837725974435e-03,9.389974237544500557e-01,9.281661804914379532e-01,1.218013468841163821e-01
8.406151849051611835e-01,1.915679915667196573e-03,1.796074068513229052e-02,9.370834804310204103e-01,9.175660387530524265e-01,1.238159429199508499e-01
5.910853628639745061e-02,9.520778339168983750e-01,3.013987124969642051e-01,9.504703127549735120e-01,9.352629800531566673e-01,1.295091677373897132e-01
4.814086751849996348e-01,2.817407044696795815e-01,6.224668203281225054e-01,5.348913483929881307e-01,1.039282623287168250e-01,7.869407013943019447e-01
3.025110810785267557e-01,8.144053097238713734e-01,4.260510212021755838e-01,4.342392574939638594e-01,7.038308825172592265e-01,4.438475101661717437e-01
1.500033077846348595e-01,7.739196017458208621e-01,6.081220693948931055e-01,8.580051118871951932e-01,8.691358199966082720e-01,1.893011812248300285e-01
3.732630192513065603e-01,5.645976320332751763e-01,7.683779702865620731e-01,6.408134907419154036e-01,5.320004414471066756e-01,5.695083204158742918e-01
2.414651281057734744e-01,4.973979940413904011e-01,9.181435269443636304e-01,8.593352798669892101e-01,7.616677877911972594e-01,3.062113462535938080e-01
9.337718510362816859e-01,0.000000000000000000e+00,3.337836763755152279e-03,9.389974237544500557e-01,9.278780967045837658e-01,1.218013468841163821e-01
1.333730267174490502e-01,7.694396258796952770e-01,7.392911070595529210e-01,9.496776595263036747e-01,9.428291085103557290e-01,1.243219325904360156e-01
8.997520736974417011e-01,0.000000000000000000e+00,4.450449017942841208e-03,9.389974237544500557e-01,9.276825481695305520e-01,1.218013468841163821e-01
8.287827667255768249e-01,0.000000000000000000e+00,8.622744969060527898e-03,9.389974237544500557e-01,9.260284874738882177e-01,1.218013468841163821e-01
8.927206686450369633e-01,0.000000000000000000e+00,4.291504410542338645e-03,9.389974237544500557e-01,9.275131185690936864e-01,1.218013468841163821e-01
8.173693346627476652e-02,8.685873745936476542e-01,4.706349836894764826e-01,9.599893348499554113e-01,9.508176605454795594e-01,1.404180320293728912e-01
1.343779632552380976e-01,6.411192400092192711e-01,8.180084240317090361e-01,9.525535662249712265e-01,9.487502853816971449e-01,1.438418354168582713e-01
9.468234238406214587e-01,0.000000000000000000e+00,2.264960661119566968e-03,9.389974237544500557e-01,9.281243254740516591e-01,1.218013468841163821e-01
1.675944214684673694e-01,8.091711290156378134e-01,6.035524119604406268e-01,8.311897741544881368e-01,8.508629155301782321e-01,2.108301335243800978e-01
2.882183012163196389e-01,8.047665737694799093e-01,5.860287689507260867e-01,6.896496012520193508e-01,7.760906240603281381e-01,3.477434688802486518e-01
9.906184924062716446e-01,0.000000000000000000e+00,1.430501470180779765e-03,9.389974237544500557e-01,9.281122980845611936e-01,1.218013468841163821e-01
9.092312393796486703e-01,0.000000000000000000e+00,4.529921322239134802e-03,9.389974237544500557e-01,9.278383944011356910e-01,1.218013468841163821e-01
5.392129993100905905e-01,4.974281619273592248e-01,3.519828340081068707e-01,1.131217653996224454e-01,3.617442128608499563e-01,9.071109074121933569e-01
3.853128061354678668e-01,6.748623575948204945e-01,4.267265358250525997e-01,2.455473444811399897e-01,4.989935628220477648e-01,6.714133604251395493e-01
7.061868173441324670e-01,1.549136435711461757e-01,1.940713661211924401e-01,5.528471586298651097e-01,4.938869047240156962e-01,7.080254707540503123e-01
9.356242101482832307e-01,0.000000000000000000e+00,3.298100612203047795e-03,9.389974237544500557e-01,9.279574326165014320e-01,1.218013468841163821e-01
9.003159721579041541e-01,1.508409367449793917e-05,4.927282841336435258e-03,9.389875948876137413e-01,9.270930554535343759e-01,1.218031548433285427e-01
1.534623054313823676e-01,5.748698999283309297e-01,9.001827862234688116e-01,9.410072739312631551e-01,9.343289388789560723e-01,1.378161527294306798e-01
8.868328119949722144e-01,1.357568444280498970e-04,6.953826587182951324e-03,9.388874952687714659e-01,9.265893493420852556e-01,1.218326988339631101e-01
4.833177394599804666e-01,6.104985293929403589e-01,3.488039418124134206e-01,1.449422214557313238e-01,5.548054585716419851e-01,7.317958661027981204e-01
6.977503914526844708e-01,1.063428614686390966e-01,2.590002384463561680e-01,6.517257844456906257e-01,2.937984506017632391e-01,5.572000248660490263e-01
9.464516921681109807e-01,0.000000000000000000e+00,3.615989827004053355e-03,9.389974237544500557e-01,9.282419078555066427e-01,1.218013468841163821e-01
8.966742588199715369e-01,0.000000000000000000e+00,4.291504410542338645e-03,9.389974237544500557e-01,9.273609139914317234e-01,1.218013468841163821e-01
1.538434882006596560e-01,6.462025794775175802e-01,8.643010410131009014e-01,9.400908169771694523e-01,9.306108036818320217e-01,1.255770437024731068e-01
9.307381399854457449e-01,0.000000000000000000e+00,2.940475244657853125e-03,9.389974237544500557e-01,9.280401171947224581e-01,1.218013468841163821e-01
1.249775543185491222e-01,9.991251227089713582e-01,4.203687514336656994e-01,9.455925947091531336e-01,9.313554747170169623e-01,1.223251869232820921e-01
2.978833328292899707e-01,8.114789953709146131e-01,4.800127155892866537e-01,4.753048760241695425e-01,6.689746569386131325e-01,4.316491642869371148e-01
3.734173825972724736e-01,3.368730673862090352e-01,8.257172375496416583e-01,6.524541407102180113e-01,2.462736165367799268e-01,6.653485353819669212e-01
6.177051535284611150e-02,9.805264350223285019e-01,3.244059444757050881e-01,9.456477986370156463e-01,9.336769173111799658e-01,1.232961094475903824e-01
9.088595073291056980e-01,0.000000000000000000e+00,4.251768258990234160e-03,9.389974237544500557e-01,9.276015271650500660e-01,1.218013468841163821e-01
2.376060459687555915e-01,6.637001284657515487e-01,7.291186520810173377e-01,6.962025684343022824e-01,6.919035499698394931e-01,3.993798429281265050e-01
8.871667406980371373e-01,0.000000000000000000e+00,3.417309068051445440e-03,9.389974237544500557e-01,9.276900383894073343e-01,1.218013468841163821e-01
5.065383875967527372e-01,4.337431179476194387e-01,4.378526583311669884e-01,2.548965232888088517e-01,2.964618627016619157e-01,9.586851813048137272e-01
8.076948521420268534e-01,9.107775853248023523e-02,1.147580068697942463e-01,7.059402525107686399e-01,6.745180983086308535e-01,4.647462790224700657e-01
8.672475766224684302e-01,0.000000000000000000e+00,6.675673527510305426e-03,9.389974237544500557e-01,9.270443582651766157e-01,1.218013468841163821e-01
6.057782272164520254e-01,4.784976243273999508e-01,3.052531193155347267e-01,2.252714969210954932e-01,5.153099398804272813e-01,7.869926542483739462e-01
9.678451833930310499e-01,0.000000000000000000e+00,2.304696812671672319e-03,9.389974237544500557e-01,9.281077526384274856e-01,1.218013468841163821e-01
8.185790387577851490e-01,3.585489102132210365e-02,3.333863148957567218e-02,8.075614204031309473e-01,8.380285852544948622e-01,2.295611882300246376e-01
9.598844477417282084e-01,0.000000000000000000e+00,1.867599142022268030e-03,9.389974237544500557e-01,9.279724618874561903e-01,1.218013468841163821e-01
1.078022764173857118e-01,9.407949318863858545e-01,4.795756178781063750e-01,9.501449350778540248e-01,9.458541401518366643e-01,1.202288097894656654e-01
5.046765773879842154e-01,3.894411343825991412e-01,4.839465946322837886e-01,2.288267817582786412e-01,9.386919832133480690e-02,9.845261323523913921e-01
9.305050199884700168e-01,0.000000000000000000e+00,2.861002940361558663e-03,9.389974237544500557e-01,9.278644851956705519e-01,1.218013468841163821e-01
9.187009542486130886e-01,0.000000000000000000e+00,6.476992767365612018e-03,9.389974237544500557e-01,9.277314001282280786e-01,1.218013468841163821e-01
4.724524545652153407e-01,5.322422507779231982e-01,4.723436381835673936e-01,3.678111037696297214e-01,4.638391694612870042e-01,8.548879830437083882e-01
9.246801686970165246e-01,0.000000000000000000e+00,2.503377572816363993e-03,9.389974237544500557e-01,9.278282664652320877e-01,1.218013468841163821e-01
8.258593151940724075e-01,5.033562108007173796e-02,7.092903122979699049e-02,7.746256431457120284e-01,7.366049675926015228e-01,3.487701023859395288e-01
4.472880891400705106e-01,2.560826608727781450e-01,6.728919971519949916e-01,6.340933805355770669e-01,1.768222239400318307e-01,7.131640134711528800e-01
1.399066890020886356e-01,8.090052042852410308e-01,7.227211316966255517e-01,9.539877380495429549e-01,9.373020347374496630e-01,1.200559495179130409e-01
4.353580125884832230e-01,6.332151746939007619e-01,5.263450686828918812e-01,4.718026752436453863e-01,5.715429697462568459e-01,6.741296639923460843e-01
2.455636307189233355e-02,7.584885737624992297e-01,3.582214098244368983e-01,9.494049758676906814e-01,9.336702679821439199e-01,1.252420417759484428e-01
2.678013942784776558e-01,6.000905046534565912e-01,9.367003099445004866e-01,9.066289435400848307e-01,8.502632204086806311e-01,8.226303199766948904e-02
5.429901742729961178e-01,1.964250698086469626e-01,4.965429547207922956e-01,5.702442415871618042e-01,5.305814815953143609e-02,7.966562350814710980e-01
9.495043048454320234e-01,0.000000000000000000e+00,2.821266788809454178e-03,9.389974237544500557e-01,9.279952991953430708e-01,1.218013468841163821e-01
3.109569578777253707e-01,7.182442115873360899e-01,4.352300723025022133e-01,2.388828268932890186e-01,5.473611624609951987e-01,6.015902210776907788e-01
